1000
598
607
619
572
568
567
557
547
565
569
557
569
580
587
583
593
599
614
608
618
617
602
574
570
559
558
549
555
569
570
607
602
610
628
623
1227
604
606
624
616
603
603
632
662
680
667
648
614
611
609
618
652
663
653
669
681
648
658
651
645
610
608
583
583
585
598
640
644
634
678
673
632
637
638
611
607
589
570
560
562
563
588
599
596
602
628
623
622
592
593
588
588
589
597
583
608
637
667
716
712
673
659
644
645
715
730
704
656
695
714
734
685
645
638
670
699
708
693
697
730
711
750
757
716
718
710
681
719
731
685
643
620
755
769
774
745
700
683
649
657
684
688
701
690
674
654
632
619
624
626
629
623
627
639
633
623
627
616
616
612
633
654
649
648
679
684
657
621
620
606
621
630
667
675
670
659
660
669
683
668
640
644
640
631
619
611
610
599
583
582
567
567
557
561
564
563
559
562
569
570
593
595
609
585
577
582
567
558
561
561
567
585
604
593
587
581
572
578
574
577
579
570
577
596
622
671
699
729
725
695
647
639
645
656
651
623
637
640
655
675
696
712
706
683
670
628
614
589
591
589
588
593
598
609
611
612
606
594
610
649
673
696
698
729
768
771
765
779
781
735
737
753
721
696
714
731
722
769
764
733
749
797
806
770
752
719
731
732
702
720
749
742
746
691
666
643
627
619
620
641
661
670
673
628
630
636
643
634
644
681
689
731
709
724
727
721
691
704
679
682
659
640
612
596
596
594
608
642
679
668
691
668
711
741
751
743
732
751
743
724
706
678
653
641
652
626
648
675
680
684
658
666
648
635
664
653
644
690
740
800
823
840
829
786
772
780
787
785
764
736
758
748
735
748
750
727
713
703
697
689
702
696
645
623
612
617
633
651
678
719
746
747
742
710
692
694
697
716
682
682
683
696
704
723
709
705
690
657
645
652
685
729
755
764
734
727
724
729
738
751
737
720
693
677
691
702
664
731
791
832
830
822
800
788
778
756
712
720
738
766
772
784
749
711
732
716
699
718
724
747
760
751
730
713
691
669
707
734
730
740
744
743
761
755
727
707
660
646
661
706
729
733
782
765
757
756
700
704
708
717
719
693
717
726
749
797
811
759
706
734
694
655
648
624
648
697
719
708
685
653
635
616
603
603
600
609
611
630
639
634
620
612
611
626
638
662
642
635
641
631
628
620
610
612
601
596
587
573
566
565
551
552
550
562
582
599
601
601
601
594
584
579
579
580
594
593
583
584
581
583
579
579
578
579
570
572
574
572
569
577
569
589
582
585
590
586
589
595
576
578
574
561
563
559
556
553
560
561
557
560
556
556
552
552
544
540
549
547
561
561
544
602
565
569
558
571
560
560
566
561
569
562
567
534
587
565
555
563
558
555
555
546
552
548
547
547
547
548
541
548
548
547
548
536
543
541
547
546
549
552
546
558
560
561
561
566
570
566
567
572
559
561
565
573
571
579
583
575
572
569
565
570
568
570
588
602
626
622
622
614
592
610
613
618
630
640
660
655
667
686
684
662
682
701
679
673
673
699
701
657
626
625
629
638
651
636
651
626
614
626
624
613
618
649
677
678
671
657
619
632
601
664
641
636
606
608
601
605
603
588
591
598
583
578
596
606
624
651
675
680
671
656
641
628
597
581
582
609
656
641
600
594
582
571
593
594
596
601
598
597
588
598
573
593
595
581
595
587
597
590
578
580
582
590
575
571
586
597
642
663
669
648
626
647
652
687
702
668
647
646
684
690
689
669
607
324
308
615
611
645
657
617
622
634
663
644
654
670
649
284
341
671
691
713
692
706
664
662
637
687
655
653
621
592
647
606
600
607
623
638
609
626
627
596
595
279
259
638
579
584
595
585
614
611
619
617
606
610
591
580
580
574
574
581
568
573
561
556
568
578
597
601
607
605
612
585
589
578
573
576
580
596
608
589
593
587
556
637
612
620
623
622
613
609
584
579
561
541
555
579
637
657
666
653
638
620
611
614
614
627
656
665
777
610
651
597
497
708
653
624
629
647
647
631
622
590
586
579
582
570
574
559
563
562
560
579
569
586
578
583
577
557
552
552
554
560
574
588
581
609
580
605
597
579
584
574
574
575
564
570
566
559
559
557
551
552
564
563
569
571
569
581
584
581
594
603
594
590
596
583
570
556
546
546
557
574
611
626
641
639
625
603
599
582
588
579
576
577
584
591
587
603
630
608
627
619
597
598
586
587
587
580
588
627
646
618
640
623
608
608
610
605
635
620
653
633
656
654
655
626
627
624
596
604
599
612
618
607
626
625
636
649
636
637
624
627
626
636
666
694
712
669
649
654
681
673
673
663
648
658
665
692
687
710
657
652
688
707
705
708
699
644
611
600
604
601
649
628
623
620
601
604
597
588
584
616
695
698
704
680
668
648
628
635
625
626
634
637
654
686
683
698
722
727
716
665
646
666
687
8000
686
665
729
716
692
689
665
681
673
686
694
673
663
687
666
659
646
637
1383
674
674
673
659
632
618
608
622
650
696
664
675
656
626
629
643
757
789
731
727
705
659
643
648
675
691
653
644
614
595
606
573
580
565
571
564
571
563
576
569
574
576
567
588
583
596
605
617
615
633
649
652
642
624
625
608
617
605
606
596
606
610
604
610
604
611
602
597
600
610
608
604
603
607
607
598
599
592
576
584
593
593
606
592
580
566
560
546
536
539
528
526
540
544
566
621
679
725
695
666
639
619
620
614
600
606
626
610
619
620
626
618
628
636
627
632
672
629
611
616
626
666
686
730
695
704
700
641
640
653
654
663
650
635
651
662
666
676
703
702
735
704
674
620
613
586
580
561
558
545
557
563
559
561
557
554
551
529
557
629
679
665
612
626
611
620
607
619
623
609
608
606
583
574
578
608
617
614
601
583
592
592
589
598
610
623
611
612
602
602
638
689
649
654
666
634
634
632
623
655
625
614
615
604
606
623
626
641
629
611
628
633
630
659
703
671
670
683
635
627
634
645
678
694
662
668
666
625
622
631
626
614
604
628
677
679
684
672
631
622
629
642
657
715
766
740
755
693
706
684
673
735
733
689
677
631
633
643
627
630
623
656
664
711
706
682
707
705
699
711
674
674
714
736
688
716
682
697
788
779
764
759
696
667
708
708
703
721
696
687
703
669
713
704
666
751
728
1510
735
735
688
673
673
2058
680
656
661
682
711
710
720
726
720
703
725
760
767
737
696
694
698
673
673
668
667
688
660
665
657
626
627
639
630
615
609
599
589
596
619
632
631
624
604
606
605
593
582
576
570
557
561
560
561
557
556
562
575
581
597
617
620
628
609
635
635
636
618
630
607
604
590
588
588
587
593
583
598
579
578
564
565
566
593
615
642
1348
642
672
673
660
630
645
649
623
630
605
596
586
587
582
599
611
628
630
630
623
604
599
594
583
591
600
617
598
605
605
596
592
597
615
601
576
564
569
567
572
572
565
569
566
562
567
564
563
564
554
563
568
557
557
568
588
614
606
601
606
591
574
573
573
566
568
572
570
566
568
567
565
568
555
557
558
553
568
578
578
588
591
588
602
593
595
601
592
606
596
613
633
623
636
657
619
622
620
617
608
583
571
571
586
601
629
604
608
615
610
617
626
625
649
665
647
676
677
657
658
657
634
625
658
686
658
646
674
731
746
749
706
692
656
640
641
621
624
661
649
713
720
715
687
659
622
624
624
637
630
611
613
627
630
649
732
753
752
802
777
743
710
674
666
672
639
651
640
618
639
641
648
622
574
592
645
682
637
660
642
626
655
652
668
673
691
688
660
651
622
612
585
572
569
568
603
628
618
640
644
682
690
678
677
638
654
665
657
630
639
639
631
681
675
677
666
675
679
654
670
652
648
652
676
689
705
663
621
623
607
624
632
621
652
665
688
673
670
676
666
676
645
674
698
703
714
695
665
624
613
617
604
603
609
635
635
636
645
622
620
606
602
574
572
579
575
586
598
610
590
573
397
809
601
600
373
526
561
910
595
588
575
548
615
568
569
562
557
564
550
551
552
541
546
540
533
542
538
533
543
531
534
527
475
435
661
524
522
520
522
529
532
321
329
425
538
537
548
553
561
550
547
548
546
553
542
562
551
782
879
543
544
546
550
550
550
546
550
547
542
539
544
552
576
569
606
620
599
394
806
559
551
294
261
545
474
605
587
557
566
564
555
555
555
550
533
530
531
532
529
534
543
576
642
664
656
626
592
602
616
602
609
622
623
609
594
579
626
696
699
675
681
669
676
628
606
613
353
490
412
674
707
714
670
620
620
617
618
608
600
617
608
608
628
640
630
639
613
619
618
626
635
638
661
628
610
621
623
600
601
601
629
633
642
676
714
714
658
693
706
664
675
719
715
710
704
674
678
656
620
629
674
732
678
728
770
767
695
688
700
718
699
667
661
631
609
612
613
609
607
601
594
569
567
549
539
534
535
526
527
516
523
527
534
541
544
546
546
566
582
575
576
576
570
572
563
554
550
545
545
548
541
554
553
550
558
548
547
547
544
546
542
549
556
552
568
583
566
568
571
560
565
559
559
565
579
583
588
568
572
575
588
592
602
602
630
610
594
608
635
648
641
609
619
625
601
613
623
623
627
600
606
606
605
633
600
628
642
649
641
623
606
606
617
624
630
621
622
612
651
615
638
599
609
596
615
624
630
613
603
601
605
623
658
670
650
688
647
622
634
621
599
595
605
577
605
619
593
597
582
1178
582
586
584
571
576
577
567
571
575
559
564
559
564
549
545
539
546
549
541
546
542
536
525
510
538
550
556
557
557
553
559
568
565
557
548
548
548
546
550
574
587
593
581
568
567
577
583
588
576
585
619
649
660
640
637
642
617
595
593
570
567
576
592
629
620
656
663
658
647
644
628
633
654
658
658
689
646
616
622
623
607
641
638
610
615
606
595
598
598
573
588
571
586
607
597
590
603
605
602
607
613
600
606
613
610
602
594
602
598
601
617
617
626
633
641
643
627
594
588
582
567
556
564
553
550
543
539
542
556
589
601
598
611
589
601
608
593
608
608
593
599
621
637
630
631
640
639
645
677
700
719
678
703
691
659
668
690
691
670
657
647
677
713
720
682
686
628
625
649
650
627
653
652
622
608
635
654
666
683
641
624
637
627
660
634
687
705
725
723
731
735
728
694
728
698
632
627
590
577
577
596
643
826
768
742
735
667
603
588
598
604
631
632
623
607
604
589
589
591
578
578
561
570
566
591
580
583
584
585
612
637
589
569
556
581
633
655
654
661
657
644
623
693
718
737
754
784
804
787
743
740
740
708
699
693
690
690
694
734
695
663
693
693
648
639
647
614
671
660
671
633
7000
657
651
674
683
658
619
609
600
605
598
577
593
598
599
646
748
796
809
774
725
695
660
651
663
698
761
825
835
825
819
789
758
743
749
765
770
756
765
747
683
621
13000
643
640
621
619
626
616
616
613
620
618
632
632
616
624
633
627
650
664
654
638
628
608
626
640
626
630
648
627
647
672
644
655
638
604
604
616
631
621
626
613
606
609
605
612
628
663
657
612
594
588
565
578
577
586
609
609
603
604
596
606
596
586
591
584
590
594
582
600
601
601
595
604
586
589
573
569
566
553
549
554
556
556
566
557
554
562
560
559
563
556
557
561
562
578
577
565
575
570
570
577
583
575
578
585
597
570
574
571
560
564
562
562
573
571
596
603
594
607
585
587
582
582
575
582
587
582
608
614
607
606
616
608
610
614
601
597
593
586
592
600
590
591
589
590
599
602
598
611
606
601
604
600
580
558
555
550
539
551
539
558
567
576
569
559
562
549
547
543
549
543
551
541
543
540
535
540
529
534
528
524
529
524
524
527
525
522
526
521
528
523
526
524
534
540
537
545
556
544
553
553
557
564
568
580
576
579
586
590
569
564
551
549
560
559
548
545
550
557
580
586
570
579
571
557
560
545
541
547
548
551
552
551
554
556
548
556
570
552
536
529
568
583
630
629
607
592
584
559
565
555
567
559
558
571
579
569
565
569
568
570
561
554
559
552
557
553
547
556
550
553
569
571
583
579
578
574
569
555
560
554
549
558
557
556
562
555
558
561
562
570
567
562
559
564
563
563
561
1142
583
569
557
556
547
540
1094
555
550
557
571
572
578
556
554
553
554
562
564
580
574
583
593
579
584
586
580
566
569
554
544
541
538
541
542
543
538
537
538
543
551
558
564
536
542
539
547
579
637
686
678
682
678
650
606
607
649
717
697
642
676
644
638
700
681
665
695
684
653
639
660
646
641
653
614
609
631
698
671
653
632
620
645
681
732
691
648
1262
631
643
640
613
586
571
565
577
584
624
641
619
640
683
666
645
646
605
582
580
575
1132
572
560
553
552
559
583
584
565
569
593
610
631
618
597
592
598
591
593
600
614
649
635
652
639
630
590
619
589
569
552
553
537
546
544
550
530
529
571
596
620
592
582
574
558
557
547
538
543
544
551
555
563
563
564
564
561
554
553
560
565
565
573
579
592
592
613
613
603
598
613
621
610
617
617
610
596
586
590
581
575
561
561
560
555
549
558
558
564
575
560
550
547
546
537
540
553
560
589
616
632
601
591
611
639
657
705
707
632
631
659
674
680
678
708
728
665
702
747
700
653
712
711
723
755
727
687
671
661
628
609
618
629
665
645
646
603
596
568
560
563
567
565
568
12000
617
683
783
785
706
663
612
604
603
620
627
683
761
765
710
728
694
678
696
704
711
669
694
700
699
690
707
653
632
615
609
601
618
628
627
620
602
591
591
594
582
586
588
602
611
617
623
619
617
626
623
630
636
621
610
629
625
618
631
623
589
576
585
596
618
638
635
651
657
658
624
622
611
606
602
599
584
582
586
595
604
591
574
570
554
551
563
574
575
566
560
571
589
605
645
712
728
689
620
620
597
580
573
572
564
569
570
559
560
565
581
587
600
609
609
583
575
564
551
543
552
556
573
598
615
655
622
622
617
628
641
645
634
620
613
586
579
589
607
623
642
685
688
680
717
700
657
626
622
635
634
640
644
632
647
632
621
649
688
693
682
683
669
652
656
662
689
697
632
602
609
577
566
569
586
615
691
663
700
703
634
608
588
576
584
632
697
673
644
596
582
571
575
596
610
638
635
665
663
710
707
722
697
704
648
631
637
637
661
684
726
754
778
726
692
642
625
618
627
633
22000
647
610
591
589
582
573
574
571
572
566
566
563
569
567
561
559
568
571
569
560
570
580
568
578
570
582
573
564
564
570
571
586
578
578
581
571
576
569
572
573
570
557
556
548
550
564
564
568
571
561
553
547
535
537
544
555
592
646
643
626
623
621
591
582
593
587
597
609
604
596
593
576
567
564
552
539
556
568
582
601
613
646
649
632
655
613
601
592
593
585
632
657
630
587
604
659
675
645
620
613
606
583
575
13000
22000
577
589
582
599
611
589
594
603
588
585
624
661
692
688
690
675
660
641
629
599
608
587
607
624
677
672
675
671
677
674
654
619
612
603
596
588
589
632
673
697
706
709
666
629
594
576
578
608
624
662
675
670
662
648
646
674
690
694
708
715
714
696
674
671
694
688
662
624
624
633
633
639
645
620
599
600
589
632
657
645
653
630
631
618
613
627
619
597
576
581
609
616
597
615
608
593
580
574
565
561
569
580
619
701
692
715
712
694
688
680
684
693
680
668
645
632
644
648
651
655
644
673
683
672
704
700
661
676
645
625
656
702
683
632
640
619
604
614
590
594
1216
602
596
583
590
581
588
575
588
591
599
593
595
597
587
587
579
586
588
582
573
576
581
567
578
579
582
590
589
566
567
557
554
554
549
553
548
559
568
563
578
571
570
573
578
571
580
581
598
601
591
578
584
580
569
567
562
563
569
575
564
572
567
563
559
559
558
548
548
541
539
546
537
530
540
549
564
578
576
584
589
586
565
549
560
579
612
671
698
686
626
635
644
635
635
675
704
658
675
673
673
664
680
650
619
602
585
563
567
608
696
713
729
736
713
702
635
657
598
628
631
628
610
694
687
684
649
614
591
590
587
580
577
587
597
622
629
630
618
609
631
626
616
614
626
631
671
689
664
677
688
682
700
720
679
702
709
638
620
647
674
648
383
260
650
619
615
607
603
583
597
596
601
607
602
586
598
593
595
578
571
591
607
629
607
517
650
572
562
568
596
643
668
646
648
693
716
728
684
695
649
661
664
661
667
621
602
582
564
264
837
539
534
536
541
482
651
560
568
560
570
570
574
585
581
600
600
599
618
615
288
325
584
594
570
576
568
565
564
545
541
543
545
541
557
548
537
539
537
526
539
535
536
545
541
553
565
569
580
582
580
575
575
570
568
569
566
565
576
582
577
583
592
593
620
625
619
602
590
582
586
586
577
574
580
596
594
622
643
629
628
647
676
647
601
585
573
562
560
566
564
575
573
562
564
560
553
559
575
574
565
571
563
560
565
559
562
558
567
556
562
563
557
555
552
542
552
551
550
545
554
545
555
551
552
558
553
576
606
628
631
614
593
582
569
562
553
555
561
544
545
555
565
559
581
572
575
551
519
559
596
649
657
656
672
653
345
296
606
594
604
600
605
630
616
616
625
640
605
613
610
598
603
601
600
616
610
607
614
620
610
604
604
604
619
608
624
633
635
645
622
598
586
589
606
631
626
641
666
648
611
609
623
627
639
674
668
655
633
599
589
587
605
641
655
634
646
658
640
590
590
561
563
586
617
664
689
689
631
607
604
617
614
606
625
635
686
713
727
706
686
663
638
607
593
600
602
581
582
601
649
702
684
658
651
632
606
589
570
566
569
578
591
343
266
599
590
567
566
556
555
554
561
571
584
583
581
588
592
616
627
616
617
612
615
614
628
640
655
610
607
621
650
690
623
606
588
584
581
595
608
614
628
639
684
672
698
731
716
698
652
641
641
655
691
722
724
721
713
674
672
657
645
637
630
623
602
587
585
585
601
586
642
747
784
780
763
747
709
665
645
638
602
601
597
603
592
601
666
730
681
662
640
605
585
577
565
554
559
545
545
543
553
551
554
550
548
555
540
541
544
560
577
597
634
646
675
652
630
631
618
613
610
619
618
649
687
724
705
631
644
587
578
574
573
587
604
616
609
586
581
565
556
544
542
534
535
537
541
546
550
563
564
566
570
573
577
589
582
599
593
579
568
565
562
554
550
544
542
541
535
529
544
593
663
666
669
645
600
588
579
578
565
573
566
569
569
579
580
594
586
586
569
558
559
561
559
566
572
557
569
572
581
574
568
576
588
589
604
610
629
637
623
648
645
642
663
660
655
701
684
707
681
703
744
710
758
728
735
727
681
653
663
668
645
642
659
647
628
636
612
629
643
647
652
666
678
684
651
655
621
626
635
625
644
688
661
699
675
665
713
721
674
670
661
650
646
652
677
648
649
669
659
672
664
673
658
639
635
605
596
588
581
586
611
657
668
679
644
656
657
657
651
634
637
651
643
660
646
648
637
643
669
673
642
639
636
623
626
629
626
653
653
648
651
632
644
654
640
653
660
641
645
656
645
641
644
652
628
608
608
618
645
668
648
653
676
704
727
737
694
668
629
630
628
607
609
616
662
675
675
666
660
674
656
668
658
653
654
603
605
588
580
574
566
554
556
554
562
582
618
645
654
638
630
604
590
590
593
600
596
618
615
619
637
634
654
691
689
688
650
636
628
612
606
608
605
601
620
645
640
663
656
648
634
616
609
610
630
650
696
704
685
669
636
625
667
669
674
675
656
651
635
626
606
595
598
625
652
658
648
651
644
619
614
635
637
628
614
610
611
625
651
697
707
702
695
650
630
608
592
573
574
576
594
621
604
601
635
624
615
631
650
665
665
652
639
631
617
611
587
588
608
656
669
648
604
592
593
609
645
695
721
731
716
691
673
642
619
617
611
618
630
618
609
602
607
654
703
760
772
752
724
649
633
631
636
669
696
702
696
673
668
676
661
651
674
687
713
709
730
702
683
648
631
608
595
588
593
602
601
594
621
759
726
716
670
679
694
699
697
680
666
662
661
677
695
701
703
666
651
618
611
606
629
664
668
674
685
663
644
647
642
626
647
654
651
639
639
633
619
613
600
587
582
573
581
609
615
667
718
735
751
661
641
636
622
616
609
641
632
623
607
587
583
584
573
563
559
555
552
547
546
543
542
547
543
552
565
599
644
674
652
635
618
604
590
576
571
562
571
583
633
677
734
742
726
694
647
616
597
603
631
661
645
674
719
759
748
721
688
660
652
634
634
632
630
646
634
638
625
611
607
611
620
602
608
640
669
684
709
712
710
711
713
720
724
709
691
684
634
651
698
722
748
739
762
734
748
722
711
707
690
661
638
623
611
266
586
399
664
689
685
686
653
623
634
628
632
621
639
656
651
649
643
630
610
591
591
565
564
572
597
601
608
597
591
601
611
615
611
613
600
579
568
559
554
548
549
551
548
554
551
558
549
545
546
537
536
530
533
528
537
541
552
555
559
566
570
567
567
572
580
575
575
568
566
567
561
572
578
576
579
574
577
584
569
566
567
552
559
561
567
580
617
648
624
593
598
583
592
584
583
593
605
617
644
670
655
633
610
611
628
616
639
685
657
619
624
619
624
627
608
620
597
603
607
608
600
597
581
591
581
589
574
586
578
591
586
587
579
548
321
299
290
431
431
575
573
574
573
255
320
569
581
580
568
565
572
462
693
484
662
570
582
582
590
577
585
589
575
584
564
314
269
561
551
539
550
576
624
632
636
619
610
620
607
612
620
625
635
638
615
616
628
604
618
642
627
635
644
619
636
641
667
633
617
597
608
626
645
687
675
637
613
597
580
579
581
584
579
584
577
570
570
579
571
587
588
593
607
574
582
565
556
278
277
544
547
536
538
533
541
533
532
534
536
531
531
540
545
549
553
552
563
561
564
583
580
566
568
568
553
542
555
563
557
564
564
561
571
566
559
564
548
551
548
538
541
542
540
547
546
539
550
553
539
547
545
546
546
544
547
544
544
548
540
542
542
551
544
558
567
578
578
580
570
564
565
562
551
546
563
601
646
647
627
613
653
615
592
590
576
565
565
559
551
555
555
552
565
565
555
563
552
558
556
557
536
532
533
537
532
538
549
547
549
538
548
545
538
540
541
257
274
497
528
551
525
520
519
527
534
530
536
540
531
530
526
520
520
522
527
528
529
541
541
543
548
535
533
537
533
533
560
579
565
557
554
562
574
584
585
568
555
551
560
566
584
599
606
588
565
559
554
542
542
545
551
549
547
548
544
552
555
553
555
562
564
551
547
551
555
559
558
565
585
577
555
546
547
562
568
582
609
602
617
606
639
623
638
626
642
615
594
591
584
570
574
574
564
576
574
564
570
563
569
568
557
565
555
549
560
562
561
572
573
576
575
566
575
568
562
573
574
571
567
567
575
584
597
594
605
592
579
582
567
567
562
560
554
540
525
526
6000
635
627
60000
60000
60000
60000
60000
60000
60000
60000
60000
60000
60000
60000
60000
60000
60000
60000
60000
60000
60000
60000
60000
60000
60000
60000
60000
60000
60000
60000
60000
60000
60000
60000
60000
60000
60000
60000
60000
60000
60000
60000
60000
60000
60000
60000
60000
60000
60000
60000
60000
60000
60000
60000
60000
60000
60000
60000
60000
60000
60000
60000
60000
60000
60000
60000
60000
60000
60000
60000
60000
60000
60000
60000
60000
60000
60000
60000
60000
60000
60000
60000
60000
60000
60000
60000
60000
60000
60000
60000
60000
60000
60000
60000
60000
60000
60000
60000
60000
60000
60000
60000
60000
60000
60000
60000
60000
60000
60000
60000
60000
60000
60000
60000
60000
60000
60000
60000
60000
60000
60000
60000
60000
60000
60000
60000
60000
60000
60000
60000
60000
15000
6000
6000
6000
6000
6000
6000
60000
60000
3000
